225
420
    0     1   0.15
    1     2   0.21
    2     3   0.90
    3     4   0.46
    4     5   0.55
    5     6   0.34
    6     7   0.38
    7     8   0.76
    8     9   0.40
    9    10   0.46
   10    11   0.48
   11    12   0.18
   12    13   0.75
   13    14   0.95
   15    16   0.55
   16    17   0.44
   17    18   0.77
   18    19   0.06
   19    20   0.70
   20    21   0.98
   21    22   0.03
   22    23   0.36
   23    24   0.90
   24    25   0.62
   25    26   0.80
   26    27   0.64
   27    28   0.50
   28    29   0.73
   30    31   0.20
   31    32   0.83
   32    33   0.85
   33    34   0.58
   34    35   0.64
   35    36   0.42
   36    37   0.03
   37    38   0.06
   38    39   0.86
   39    40   0.18
   40    41   0.44
   41    42   0.76
   42    43   0.49
   43    44   0.63
   45    46   0.53
   46    47   0.06
   47    48   0.24
   48    49   0.04
   49    50   0.69
   50    51   0.07
   51    52   0.94
   52    53   0.30
   53    54   0.49
   54    55   0.85
   55    56   0.04
   56    57   0.50
   57    58   0.83
   58    59   0.76
   60    61   0.37
   61    62   0.80
   62    63   0.13
   63    64   0.19
   64    65   0.85
   65    66   0.37
   66    67   0.91
   67    68   0.22
   68    69   0.94
   69    70   0.87
   70    71   0.96
   71    72   0.54
   72    73   0.85
   73    74   0.82
   75    76   0.64
   76    77   0.18
   77    78   0.60
   78    79   0.99
   79    80   0.50
   80    81   0.57
   81    82   0.40
   82    83   0.83
   83    84   0.47
   84    85   0.94
   85    86   0.85
   86    87   0.15
   87    88   0.39
   88    89   0.57
   90    91   0.43
   91    92   0.42
   92    93   0.38
   93    94   0.38
   94    95   0.89
   95    96   0.15
   96    97   0.09
   97    98   0.15
   98    99   0.55
   99   100   0.20
  100   101   0.04
  101   102   0.67
  102   103   0.49
  103   104   0.37
  105   106   0.92
  106   107   0.49
  107   108   0.49
  108   109   0.62
  109   110   0.38
  110   111   0.82
  111   112   0.94
  112   113   0.53
  113   114   0.60
  114   115   0.35
  115   116   0.80
  116   117   0.76
  117   118   0.70
  118   119   0.99
  120   121   0.13
  121   122   0.35
  122   123   0.74
  123   124   0.08
  124   125   0.83
  125   126   0.36
  126   127   0.46
  127   128   0.22
  128   129   0.08
  129   130   0.66
  130   131   0.63
  131   132   0.69
  132   133   0.41
  133   134   0.15
  135   136   0.25
  136   137   0.38
  137   138   0.12
  138   139   0.72
  139   140   0.86
  140   141   0.72
  141   142   0.54
  142   143   0.10
  143   144   0.01
  144   145   0.83
  145   146   0.31
  146   147   1.00
  147   148   0.11
  148   149   0.11
  150   151   0.66
  151   152   0.22
  152   153   0.06
  153   154   0.25
  154   155   0.21
  155   156   0.17
  156   157   0.55
  157   158   0.45
  158   159   0.65
  159   160   0.25
  160   161   0.34
  161   162   0.36
  162   163   0.79
  163   164   0.90
  165   166   0.03
  166   167   0.34
  167   168   0.29
  168   169   0.77
  169   170   0.35
  170   171   0.44
  171   172   0.41
  172   173   0.67
  173   174   0.64
  174   175   0.16
  175   176   0.32
  176   177   0.30
  177   178   0.17
  178   179   0.48
  180   181   0.78
  181   182   0.02
  182   183   0.55
  183   184   0.77
  184   185   0.68
  185   186   0.67
  186   187   0.05
  187   188   0.26
  188   189   0.57
  189   190   0.26
  190   191   0.33
  191   192   0.28
  192   193   0.29
  193   194   0.68
  195   196   0.89
  196   197   0.54
  197   198   0.13
  198   199   0.44
  199   200   0.26
  200   201   0.03
  201   202   0.31
  202   203   0.84
  203   204   0.52
  204   205   0.21
  205   206   0.15
  206   207   0.37
  207   208   0.63
  208   209   0.74
  210   211   0.60
  211   212   0.15
  212   213   0.28
  213   214   0.73
  214   215   0.84
  215   216   0.53
  216   217   0.76
  217   218   0.42
  218   219   0.61
  219   220   0.95
  220   221   0.43
  221   222   0.51
  222   223   0.92
  223   224   0.54
    0    15   0.82
    1    16   0.56
    2    17   0.11
    3    18   0.57
    4    19   0.46
    5    20   0.17
    6    21   0.03
    7    22   0.10
    8    23   0.91
    9    24   0.79
   10    25   0.10
   11    26   0.69
   12    27   0.16
   13    28   0.36
   14    29   0.23
   15    30   0.44
   16    31   0.72
   17    32   0.65
   18    33   0.88
   19    34   0.43
   20    35   0.70
   21    36   0.94
   22    37   0.80
   23    38   0.31
   24    39   0.13
   25    40   0.99
   26    41   0.98
   27    42   0.92
   28    43   0.51
   29    44   0.58
   30    45   0.92
   31    46   0.47
   32    47   0.42
   33    48   0.47
   34    49   0.25
   35    50   0.52
   36    51   0.41
   37    52   0.48
   38    53   0.22
   39    54   0.82
   40    55   0.17
   41    56   0.26
   42    57   0.71
   43    58   0.93
   44    59   0.58
   45    60   0.80
   46    61   0.61
   47    62   0.42
   48    63   0.23
   49    64   0.73
   50    65   0.11
   51    66   0.82
   52    67   0.39
   53    68   0.68
   54    69   0.91
   55    70   0.01
   56    71   0.78
   57    72   0.14
   58    73   0.22
   59    74   0.77
   60    75   0.52
   61    76   0.85
   62    77   0.72
   63    78   0.33
   64    79   0.82
   65    80   0.90
   66    81   0.29
   67    82   0.21
   68    83   0.52
   69    84   0.27
   70    85   0.80
   71    86   0.57
   72    87   0.56
   73    88   0.08
   74    89   0.48
   75    90   0.81
   76    91   0.55
   77    92   0.26
   78    93   0.93
   79    94   0.43
   80    95   0.01
   81    96   0.95
   82    97   0.66
   83    98   0.80
   84    99   0.01
   85   100   0.24
   86   101   0.16
   87   102   0.36
   88   103   0.40
   89   104   0.28
   90   105   0.40
   91   106   0.61
   92   107   0.62
   93   108   0.09
   94   109   0.88
   95   110   0.95
   96   111   0.92
   97   112   0.62
   98   113   0.88
   99   114   0.41
  100   115   0.28
  101   116   0.52
  102   117   0.86
  103   118   0.09
  104   119   0.63
  105   120   0.57
  106   121   0.65
  107   122   0.55
  108   123   0.57
  109   124   0.93
  110   125   0.48
  111   126   0.27
  112   127   0.75
  113   128   0.28
  114   129   0.37
  115   130   0.08
  116   131   0.13
  117   132   0.51
  118   133   0.62
  119   134   0.60
  120   135   0.57
  121   136   0.27
  122   137   0.27
  123   138   0.25
  124   139   0.01
  125   140   0.48
  126   141   0.63
  127   142   0.99
  128   143   0.82
  129   144   0.23
  130   145   0.94
  131   146   0.66
  132   147   0.73
  133   148   0.43
  134   149   0.89
  135   150   0.90
  136   151   0.92
  137   152   0.34
  138   153   0.85
  139   154   0.81
  140   155   0.49
  141   156   0.68
  142   157   0.75
  143   158   0.55
  144   159   0.66
  145   160   0.05
  146   161   0.86
  147   162   0.48
  148   163   0.76
  149   164   0.38
  150   165   0.69
  151   166   0.94
  152   167   0.61
  153   168   0.10
  154   169   0.50
  155   170   0.85
  156   171   0.45
  157   172   0.19
  158   173   0.52
  159   174   0.03
  160   175   0.01
  161   176   0.63
  162   177   0.32
  163   178   0.69
  164   179   0.60
  165   180   0.63
  166   181   0.37
  167   182   0.65
  168   183   0.09
  169   184   0.57
  170   185   0.71
  171   186   0.25
  172   187   0.36
  173   188   0.40
  174   189   0.01
  175   190   0.81
  176   191   0.08
  177   192   0.93
  178   193   0.87
  179   194   0.57
  180   195   0.90
  181   196   0.07
  182   197   0.90
  183   198   0.50
  184   199   0.00
  185   200   0.30
  186   201   0.45
  187   202   0.72
  188   203   0.92
  189   204   0.19
  190   205   0.95
  191   206   0.80
  192   207   0.97
  193   208   0.84
  194   209   0.23
  195   210   0.98
  196   211   0.86
  197   212   0.22
  198   213   0.39
  199   214   0.36
  200   215   0.75
  201   216   0.84
  202   217   0.67
  203   218   0.81
  204   219   0.52
  205   220   0.42
  206   221   0.88
  207   222   0.95
  208   223   0.74
  209   224   0.90
