400
760
    0     1   0.80
    1     2   0.33
    2     3   0.24
    3     4   0.87
    4     5   0.43
    5     6   0.43
    6     7   0.34
    7     8   0.42
    8     9   0.50
    9    10   0.12
   10    11   0.89
   11    12   0.18
   12    13   0.08
   13    14   0.29
   14    15   0.88
   15    16   0.08
   16    17   0.08
   17    18   0.20
   18    19   0.81
   20    21   0.82
   21    22   0.57
   22    23   0.26
   23    24   0.51
   24    25   0.94
   25    26   0.97
   26    27   0.34
   27    28   0.46
   28    29   0.07
   29    30   0.43
   30    31   0.82
   31    32   0.83
   32    33   0.39
   33    34   0.95
   34    35   0.18
   35    36   0.40
   36    37   0.37
   37    38   0.06
   38    39   0.23
   40    41   0.88
   41    42   0.45
   42    43   0.40
   43    44   0.52
   44    45   0.59
   45    46   0.50
   46    47   0.51
   47    48   0.54
   48    49   0.33
   49    50   0.29
   50    51   0.93
   51    52   0.22
   52    53   0.20
   53    54   0.74
   54    55   0.73
   55    56   0.21
   56    57   0.61
   57    58   0.49
   58    59   0.31
   60    61   0.27
   61    62   0.29
   62    63   0.59
   63    64   0.88
   64    65   0.03
   65    66   0.25
   66    67   0.50
   67    68   0.79
   68    69   0.40
   69    70   0.04
   70    71   0.75
   71    72   0.02
   72    73   0.52
   73    74   0.03
   74    75   0.78
   75    76   0.79
   76    77   1.00
   77    78   0.80
   78    79   0.16
   80    81   0.19
   81    82   0.71
   82    83   0.35
   83    84   0.06
   84    85   0.79
   85    86   0.10
   86    87   0.68
   87    88   0.14
   88    89   0.78
   89    90   0.70
   90    91   0.75
   91    92   0.98
   92    93   0.98
   93    94   0.55
   94    95   0.63
   95    96   0.17
   96    97   0.95
   97    98   0.82
   98    99   0.38
  100   101   0.74
  101   102   0.09
  102   103   0.78
  103   104   0.98
  104   105   0.52
  105   106   0.78
  106   107   0.17
  107   108   0.63
  108   109   0.34
  109   110   0.27
  110   111   0.75
  111   112   0.71
  112   113   0.69
  113   114   0.12
  114   115   0.85
  115   116   0.50
  116   117   0.84
  117   118   0.24
  118   119   0.42
  120   121   0.21
  121   122   0.30
  122   123   0.68
  123   124   0.11
  124   125   0.49
  125   126   0.27
  126   127   0.03
  127   128   1.00
  128   129   0.52
  129   130   0.08
  130   131   0.49
  131   132   0.69
  132   133   0.77
  133   134   0.45
  134   135   0.67
  135   136   0.81
  136   137   0.15
  137   138   0.22
  138   139   0.97
  140   141   0.09
  141   142   0.49
  142   143   0.06
  143   144   0.01
  144   145   0.35
  145   146   0.68
  146   147   0.79
  147   148   0.70
  148   149   0.81
  149   150   0.32
  150   151   0.38
  151   152   0.87
  152   153   0.71
  153   154   0.47
  154   155   0.28
  155   156   0.24
  156   157   0.89
  157   158   0.43
  158   159   0.35
  160   161   0.33
  161   162   0.74
  162   163   0.44
  163   164   0.44
  164   165   0.14
  165   166   0.68
  166   167   0.98
  167   168   0.74
  168   169   0.03
  169   170   0.30
  170   171   0.83
  171   172   0.80
  172   173   0.29
  173   174   0.63
  174   175   0.18
  175   176   0.21
  176   177   0.14
  177   178   0.06
  178   179   0.56
  180   181   0.73
  181   182   0.12
  182   183   0.44
  183   184   0.68
  184   185   0.59
  185   186   0.82
  186   187   0.89
  187   188   0.38
  188   189   0.27
  189   190   0.50
  190   191   0.67
  191   192   0.46
  192   193   0.09
  193   194   0.02
  194   195   0.14
  195   196   0.96
  196   197   0.61
  197   198   0.14
  198   199   0.68
  200   201   0.58
  201   202   0.72
  202   203   0.64
  203   204   0.96
  204   205   0.68
  205   206   0.46
  206   207   0.44
  207   208   0.95
  208   209   0.36
  209   210   0.97
  210   211   0.99
  211   212   0.30
  212   213   0.10
  213   214   0.10
  214   215   0.73
  215   216   0.61
  216   217   0.11
  217   218   0.61
  218   219   0.98
  220   221   0.54
  221   222   0.79
  222   223   0.35
  223   224   0.14
  224   225   0.54
  225   226   0.24
  226   227   0.82
  227   228   0.03
  228   229   0.86
  229   230   0.38
  230   231   0.80
  231   232   0.47
  232   233   0.23
  233   234   0.90
  234   235   0.76
  235   236   0.08
  236   237   0.25
  237   238   0.45
  238   239   0.70
  240   241   0.32
  241   242   0.22
  242   243   0.31
  243   244   0.10
  244   245   0.24
  245   246   0.00
  246   247   0.43
  247   248   0.31
  248   249   0.94
  249   250   0.32
  250   251   0.76
  251   252   0.81
  252   253   0.25
  253   254   0.24
  254   255   0.14
  255   256   0.62
  256   257   0.01
  257   258   0.91
  258   259   0.46
  260   261   0.26
  261   262   0.11
  262   263   0.09
  263   264   0.82
  264   265   0.14
  265   266   0.88
  266   267   0.47
  267   268   0.04
  268   269   0.32
  269   270   0.09
  270   271   0.54
  271   272   0.24
  272   273   0.72
  273   274   0.60
  274   275   0.05
  275   276   0.21
  276   277   0.30
  277   278   0.40
  278   279   0.25
  280   281   0.49
  281   282   0.58
  282   283   0.20
  283   284   0.55
  284   285   0.76
  285   286   0.73
  286   287   0.03
  287   288   0.46
  288   289   0.60
  289   290   0.25
  290   291   0.17
  291   292   0.14
  292   293   0.08
  293   294   0.41
  294   295   0.09
  295   296   1.00
  296   297   0.34
  297   298   0.19
  298   299   0.64
  300   301   0.90
  301   302   0.10
  302   303   0.19
  303   304   0.52
  304   305   0.23
  305   306   0.30
  306   307   0.44
  307   308   0.26
  308   309   0.58
  309   310   0.97
  310   311   0.66
  311   312   0.65
  312   313   0.72
  313   314   0.26
  314   315   0.76
  315   316   0.35
  316   317   0.65
  317   318   0.42
  318   319   0.55
  320   321   0.00
  321   322   0.03
  322   323   0.07
  323   324   0.17
  324   325   0.61
  325   326   0.63
  326   327   0.31
  327   328   0.75
  328   329   0.48
  329   330   0.54
  330   331   0.06
  331   332   0.19
  332   333   0.38
  333   334   0.89
  334   335   0.84
  335   336   0.93
  336   337   0.37
  337   338   0.62
  338   339   0.68
  340   341   0.11
  341   342   0.01
  342   343   0.55
  343   344   0.84
  344   345   0.83
  345   346   0.04
  346   347   0.26
  347   348   0.57
  348   349   0.91
  349   350   0.08
  350   351   0.99
  351   352   0.61
  352   353   0.69
  353   354   0.95
  354   355   0.96
  355   356   0.98
  356   357   0.69
  357   358   0.10
  358   359   0.12
  360   361   0.41
  361   362   0.22
  362   363   0.50
  363   364   0.97
  364   365   0.97
  365   366   0.08
  366   367   0.95
  367   368   0.82
  368   369   0.02
  369   370   0.25
  370   371   0.78
  371   372   0.22
  372   373   0.27
  373   374   0.68
  374   375   0.57
  375   376   0.88
  376   377   0.34
  377   378   0.90
  378   379   0.79
  380   381   0.86
  381   382   0.78
  382   383   0.01
  383   384   0.64
  384   385   0.50
  385   386   0.95
  386   387   0.43
  387   388   0.69
  388   389   0.15
  389   390   0.98
  390   391   0.64
  391   392   0.40
  392   393   0.10
  393   394   0.16
  394   395   0.43
  395   396   0.43
  396   397   0.46
  397   398   0.95
  398   399   0.35
    0    20   0.33
    1    21   0.90
    2    22   0.72
    3    23   0.68
    4    24   0.59
    5    25   0.15
    6    26   0.98
    7    27   0.67
    8    28   0.96
    9    29   0.63
   10    30   0.56
   11    31   0.06
   12    32   0.75
   13    33   0.66
   14    34   0.14
   15    35   0.70
   16    36   0.22
   17    37   0.90
   18    38   0.96
   19    39   0.80
   20    40   0.31
   21    41   0.19
   22    42   0.54
   23    43   0.90
   24    44   0.39
   25    45   0.16
   26    46   0.57
   27    47   0.73
   28    48   0.41
   29    49   0.55
   30    50   0.96
   31    51   0.22
   32    52   0.45
   33    53   0.42
   34    54   0.35
   35    55   0.63
   36    56   0.70
   37    57   0.83
   38    58   0.61
   39    59   0.51
   40    60   0.02
   41    61   0.85
   42    62   0.21
   43    63   0.10
   44    64   0.73
   45    65   0.54
   46    66   0.21
   47    67   0.41
   48    68   0.38
   49    69   0.44
   50    70   0.49
   51    71   0.29
   52    72   0.79
   53    73   0.51
   54    74   0.24
   55    75   0.28
   56    76   0.54
   57    77   0.48
   58    78   0.63
   59    79   0.79
   60    80   0.79
   61    81   0.78
   62    82   0.55
   63    83   0.22
   64    84   0.18
   65    85   0.84
   66    86   0.55
   67    87   0.56
   68    88   0.49
   69    89   0.91
   70    90   0.02
   71    91   0.26
   72    92   0.33
   73    93   0.10
   74    94   0.48
   75    95   0.47
   76    96   0.23
   77    97   0.05
   78    98   0.41
   79    99   0.71
   80   100   0.95
   81   101   0.91
   82   102   0.27
   83   103   0.13
   84   104   0.04
   85   105   0.26
   86   106   0.05
   87   107   0.13
   88   108   0.68
   89   109   0.08
   90   110   0.91
   91   111   0.01
   92   112   0.39
   93   113   0.02
   94   114   0.59
   95   115   0.47
   96   116   0.82
   97   117   1.00
   98   118   0.62
   99   119   0.91
  100   120   0.13
  101   121   0.76
  102   122   0.55
  103   123   0.88
  104   124   0.18
  105   125   0.74
  106   126   0.14
  107   127   0.65
  108   128   0.94
  109   129   0.20
  110   130   0.67
  111   131   0.02
  112   132   0.22
  113   133   0.63
  114   134   0.71
  115   135   0.49
  116   136   0.29
  117   137   0.50
  118   138   0.64
  119   139   0.16
  120   140   0.79
  121   141   0.40
  122   142   0.23
  123   143   0.43
  124   144   0.33
  125   145   0.21
  126   146   0.01
  127   147   0.83
  128   148   0.01
  129   149   0.53
  130   150   0.18
  131   151   0.09
  132   152   0.54
  133   153   0.98
  134   154   0.96
  135   155   0.40
  136   156   0.97
  137   157   0.37
  138   158   0.82
  139   159   0.90
  140   160   0.90
  141   161   0.58
  142   162   0.55
  143   163   0.24
  144   164   0.85
  145   165   0.51
  146   166   0.02
  147   167   0.73
  148   168   0.95
  149   169   0.45
  150   170   0.22
  151   171   0.34
  152   172   0.69
  153   173   0.77
  154   174   0.79
  155   175   0.08
  156   176   0.98
  157   177   0.73
  158   178   0.31
  159   179   0.97
  160   180   0.29
  161   181   0.01
  162   182   0.94
  163   183   0.06
  164   184   0.30
  165   185   0.16
  166   186   0.97
  167   187   0.34
  168   188   0.67
  169   189   0.48
  170   190   0.70
  171   191   0.92
  172   192   0.65
  173   193   0.91
  174   194   0.05
  175   195   0.68
  176   196   0.40
  177   197   0.33
  178   198   0.66
  179   199   0.39
  180   200   0.11
  181   201   0.89
  182   202   0.25
  183   203   0.11
  184   204   0.70
  185   205   0.26
  186   206   0.07
  187   207   0.21
  188   208   0.90
  189   209   0.51
  190   210   0.89
  191   211   0.91
  192   212   0.90
  193   213   0.09
  194   214   0.58
  195   215   0.05
  196   216   0.64
  197   217   0.05
  198   218   0.32
  199   219   0.52
  200   220   0.76
  201   221   0.46
  202   222   0.63
  203   223   0.60
  204   224   0.80
  205   225   0.08
  206   226   0.58
  207   227   0.37
  208   228   0.29
  209   229   0.22
  210   230   0.82
  211   231   0.41
  212   232   0.61
  213   233   0.18
  214   234   0.39
  215   235   0.44
  216   236   0.49
  217   237   0.41
  218   238   0.14
  219   239   0.02
  220   240   0.77
  221   241   0.29
  222   242   0.26
  223   243   0.21
  224   244   0.69
  225   245   0.91
  226   246   0.61
  227   247   0.53
  228   248   0.68
  229   249   0.34
  230   250   0.77
  231   251   0.33
  232   252   0.11
  233   253   0.49
  234   254   0.93
  235   255   0.69
  236   256   0.03
  237   257   0.61
  238   258   0.66
  239   259   0.71
  240   260   0.67
  241   261   0.86
  242   262   0.26
  243   263   0.51
  244   264   0.30
  245   265   0.58
  246   266   0.13
  247   267   0.93
  248   268   0.82
  249   269   0.10
  250   270   0.93
  251   271   0.43
  252   272   0.46
  253   273   0.40
  254   274   0.12
  255   275   0.45
  256   276   0.43
  257   277   0.08
  258   278   0.61
  259   279   0.03
  260   280   0.22
  261   281   0.82
  262   282   0.22
  263   283   0.09
  264   284   0.74
  265   285   0.51
  266   286   0.92
  267   287   0.86
  268   288   0.56
  269   289   0.95
  270   290   0.76
  271   291   0.74
  272   292   0.61
  273   293   0.11
  274   294   0.46
  275   295   0.28
  276   296   0.29
  277   297   0.35
  278   298   0.25
  279   299   0.62
  280   300   0.39
  281   301   0.07
  282   302   0.84
  283   303   0.99
  284   304   0.49
  285   305   0.00
  286   306   0.95
  287   307   0.86
  288   308   0.38
  289   309   0.70
  290   310   0.47
  291   311   0.12
  292   312   0.23
  293   313   0.62
  294   314   0.79
  295   315   0.02
  296   316   0.25
  297   317   0.86
  298   318   0.82
  299   319   0.61
  300   320   0.96
  301   321   0.46
  302   322   0.90
  303   323   0.21
  304   324   0.96
  305   325   0.77
  306   326   0.14
  307   327   0.40
  308   328   0.47
  309   329   0.93
  310   330   0.31
  311   331   0.09
  312   332   0.32
  313   333   0.97
  314   334   0.55
  315   335   0.07
  316   336   0.85
  317   337   0.10
  318   338   0.53
  319   339   0.01
  320   340   0.08
  321   341   0.19
  322   342   0.58
  323   343   0.41
  324   344   0.17
  325   345   0.26
  326   346   0.38
  327   347   0.58
  328   348   0.64
  329   349   0.30
  330   350   0.80
  331   351   0.82
  332   352   0.34
  333   353   0.49
  334   354   0.61
  335   355   0.81
  336   356   0.26
  337   357   0.18
  338   358   0.08
  339   359   0.35
  340   360   0.06
  341   361   0.85
  342   362   0.76
  343   363   0.31
  344   364   0.61
  345   365   0.73
  346   366   0.06
  347   367   0.44
  348   368   0.75
  349   369   0.78
  350   370   0.85
  351   371   0.78
  352   372   0.38
  353   373   0.18
  354   374   0.95
  355   375   0.76
  356   376   0.11
  357   377   0.53
  358   378   0.74
  359   379   0.50
  360   380   0.07
  361   381   0.61
  362   382   0.50
  363   383   0.45
  364   384   0.84
  365   385   0.30
  366   386   0.45
  367   387   0.39
  368   388   0.05
  369   389   0.80
  370   390   0.58
  371   391   0.13
  372   392   0.51
  373   393   0.14
  374   394   0.43
  375   395   0.95
  376   396   0.47
  377   397   0.41
  378   398   0.61
  379   399   0.34
